100669
871000
881759
479345
172621
272267
436756
976213
92804
810024
460933
698609
812720
835106
598272
56172
713388
624561
868235
3722
223055
464224
919494
834633
258418
61089
124626
230270
378455
849191
800166
31756
265456
742846
763642
960749
385336
556314
688695
35554
989198
944638
302593
528156
199133
424915
646246
672707
916181
277023
323585
620917
211425
588824
223741
139321
602817
527482
799605
635344
27975
752774
949658
820574
770248
960952
415760
510380
721578
219493
225281
519139
930689
635897
828004
289682
36100
259806
985122
556715
394445
959177
964356
708606
6700
954335
954846
347794
640750
495443
765487
202026
980938
782695
592396
39997
261367
620958
866564
546167
620396
158587
394422
940276
748822
234654
534841
106087
810035
875444
367761
804428
314847
811062
447945
960933
487209
970817
757322
864589
910659
767411
899464
395263
55376
41298
519184
550167
378098
954363
340018
710357
787877
791214
870419
442176
323264
662674
965519
101853
472868
950265
795164
264193
711667
819197
989217
435458
797817
778247
600377
77959
564638
677111
987552
476834
418814
280550
790825
600879
245944
947006
428482
112766
594557
382224
823508
951883
72080
432725
534550
700061
261913
383100
28171
780263
523526
135957
475108
672224
936389
824192
614600
928507
905816
838251
731762
225889
940428
869131
313911
275503
334197
186417
824218
938651
825002
895174
391988
257715
879552
375819
132873
598467
78348
66230
761236
258266
623916
565013
620833
749711
208880
873118
632792
213293
511601
769618
117280
545211
554224
154818
721336
340526
441473
658704
791536
59912
504497
506016
381566
502768
1210
94830
22982
568861
542770
583737
539381
584649
955525
152067
172840
93419
990679
730554
517765
328977
328763
860605
834644
8204
583856
800062
505302
876786
18502
336455
393986
507565
80346
446287
672426
750925
957969
74565
702278
919612
232553
11425
194302
750219
266160
472852
50881
451718
236523
774011
428708
642579
662820
423967
969772
255173
281445
22619
108802
97087
132392
932277
978320
992666
50724
915844
578552
692939
55249
256609
576503
265732
754112
584171
967979
723352
433393
551956
977169
355527
5712
343402
261979
50878
389693
566192
634730
661393
223441
360974
4686
741915
592544
205879
934888
688048
610193
51010
298646
296508
296742
291529
389908
824288
743626
269829
256427
804914
828100
988782
898688
913548
887769
968562
645516
879361
211794
79551
268933
459087
446514
807490
480152
490256
330384
69687
85941
894226
472686
421661
275940
633502
544745
109478
292547
685356
70853
140245
417692
154609
169526
482718
150897
202618
292621
792363
779532
353622
725025
433795
66555
65406
406232
834021
466530
957806
648531
319101
124739
23895
547648
13590
589239
37205
204175
59352
977508
873011
299346
905059
840457
117931
492417
27036
161146
13988
64434
340238
255817
564336
627619
761537
183556
480082
177645
151378
501983
110938
619161
629876
821262
411819
849121
876436
57360
250907
966453
408286
400906
21941
932992
160969
269696
978283
227115
272819
818276
868870
200703
585049
254869
61204
55538
263952
413896
783057
801110
598120
671798
540776
888433
276558
137603
923100
398620
803454
393808
661924
297653
74736
757110
681472
809253
907543
52318
57438
213946
653166
796859
861488
137760
883849
876299
973524
261138
637747
490005
563455
316987
447105
702859
705886
273430
377610
468476
734008
4125
683973
984822
741836
871952
195233
903091
734812
595811
360522
189776
703432
410053
916123
830916
487755
813263
346498
566223
74622
38692
709844
354747
812038
859724
456551
845531
830486
15553
519779
479561
628864
408118
941963
733869
236353
718069
116339
667422
304112
889029
880035
983256
129040
338224
6900
374543
348060
100617
394338
476756
682557
628626
266585
916871
491533
100883
652837
78033
242945
437672
938649
527931
553409
20635
803587
127844
368835
295155
572028
524367
838120
601227
16174
769925
690744
538778
411945
818367
210120
708646
707558
257027
384317
558794
854113
955612
95613
183936
5677
33691
611404
895046
282355
450789
334155
777545
68455
489479
133207
613238
543939
510380
189416
55261
254292
927995
133876
676294
734187
361204
571965
430359
506221
874559
488435
271449
964362
981182
483611
788945
644438
541820
615500
235277
167362
721681
2552
228779
588804
227758
994499
406589
223588
669189
143048
337282
868806
725956
810657
183147
745142
49903
619765
63247
292912
916320
223043
444198
969351
385911
661359
705909
324049
834425
265844
781616
125056
114792
524913
968896
979599
425537
81691
2126
163138
398456
860775
421552
280296
233850
987990
758237
458331
106077
56691
331532
499481
385220
399092
322094
169669
786214
74087
132455
697703
83092
776905
258011
603482
218610
497990
256322
578172
101000
922377
19891
400183
645331
276790
587890
541501
708073
998570
20767
522142
887431
74717
338551
198637
39232
616667
120907
791536
800982
412460
182455
871670
139439
362903
521425
330180
390483
484747
154918
725302
198726
590064
63926
392821
955318
107694
305282
797328
876449
617184
103900
853463
118458
918499
121175
253497
599725
616394
927923
405406
580564
476627
948112
436835
267928
641844
842324
677925
242033
787431
29999
773215
885829
266880
739036
890128
543250
190669
98399
840301
135929
534878
396318
953676
524915
753162
580055
857218
662205
941364
630784
454565
373706
405965
909574
406585
574204
325689
111093
433447
684416
528732
520423
447508
88100
656540
346887
732690
121474
171305
18575
968697
446647
900623
490035
181045
111492
358492
769797
630577
703097
771645
873111
804938
27905
374843
939112
346850
880053
825345
685703
792814
329063
816078
161068
296216
255049
525416
870263
766892
57686
516122
754570
188907
293484
891863
146614
364784
105795
16467
694600
494026
146820
359333
297142
102024
496766
632170
101627
950289
903681
933022
718539
297656
632072
605700
612375
279273
363236
423513
916883
728966
354874
314083
726342
78296
29343
810428
232296
624164
826572
51231
954049
415829
323160
112020
115250
803155
512660
295177
165204
378169
93901
495165
330681
336608
639182
829138
852949
748026
835160
312224
418377
559077
448524
568297
511054
491288
611591
796484
728104
686508
567610
101341
557260
300328
647116
606103
65518
799644
270037
920891
684781
116795
193491
198215
4855
119016
646581
982090
120849
907005
886612
321152
114529
208177
303615
809440
897784
55250
227917
72156
711206
384254
404259
649447
179260
757999
594272
349792
377627
937188
354601
705306
549209
427418
243911
855340
964926
504202
798158
378822
12114
521227
293496
158530
105244
672349
473668
73379
917380
683981
299401
263437
676095
286376
515133
968943
61372
807882
575385
688583
427733
458574
677224
555490
661488
382130
807401
425216
604452
77539
673958
213549
880
674533
974018
22814
272923
657735
514221
230353
2333
213901
240857
475772
596580
82207
480659
349077
811663
742800
129018
203277
283834
565486
729058
72154
55913
683920
85848
746325
109335
656913
317567
630416
719543
761553
878959
981075
